         0.96000E+00         0.70000E+00         0.22400E+00         0.46000E-01         0.83000E-04
      0.20000000E+01      0.17763921E+00
      0.30000000E+01      0.13057514E+00
      0.40000000E+01      0.12160617E+00
      0.50000000E+01      0.12203866E+00
      0.60000000E+01      0.12265123E+00
      0.70000000E+01      0.12375260E+00
      0.80000000E+01      0.12519105E+00
      0.90000000E+01      0.12675037E+00
      0.10000000E+02      0.12841675E+00
      0.11000000E+02      0.13021675E+00
      0.12000000E+02      0.13213612E+00
      0.13000000E+02      0.13415272E+00
      0.14000000E+02      0.13625383E+00
      0.15000000E+02      0.13842910E+00
      0.16000000E+02      0.14066893E+00
      0.17000000E+02      0.14296666E+00
      0.18000000E+02      0.14531642E+00
      0.19000000E+02      0.14771230E+00
      0.20000000E+02      0.15014842E+00
      0.21000000E+02      0.15261961E+00
      0.22000000E+02      0.15512364E+00
      0.23000000E+02      0.15765902E+00
      0.24000000E+02      0.16022424E+00
      0.25000000E+02      0.16281782E+00
      0.26000000E+02      0.16543824E+00
      0.27000000E+02      0.16808401E+00
      0.28000000E+02      0.17075364E+00
      0.29000000E+02      0.17344562E+00
      0.30000000E+02      0.17615846E+00
      0.31000000E+02      0.17889100E+00
      0.32000000E+02      0.18164351E+00
      0.33000000E+02      0.18441657E+00
      0.34000000E+02      0.18721079E+00
      0.35000000E+02      0.19002676E+00
      0.36000000E+02      0.19286509E+00
      0.37000000E+02      0.19572638E+00
      0.38000000E+02      0.19861122E+00
      0.39000000E+02      0.20152021E+00
      0.40000000E+02      0.20445396E+00
      0.41000000E+02      0.20741317E+00
      0.42000000E+02      0.21039898E+00
      0.43000000E+02      0.21341265E+00
      0.44000000E+02      0.21645544E+00
      0.45000000E+02      0.21952859E+00
      0.46000000E+02      0.22263335E+00
      0.47000000E+02      0.22577099E+00
      0.48000000E+02      0.22894275E+00
      0.49000000E+02      0.23214988E+00
      0.50000000E+02      0.23539365E+00
      0.51000000E+02      0.23867533E+00
      0.52000000E+02      0.24199631E+00
      0.53000000E+02      0.24535804E+00
      0.54000000E+02      0.24876193E+00
      0.55000000E+02      0.25220942E+00
      0.56000000E+02      0.25570193E+00
      0.57000000E+02      0.25924090E+00
      0.58000000E+02      0.26282774E+00
      0.59000000E+02      0.26646389E+00
      0.60000000E+02      0.27015078E+00
      0.61000000E+02      0.27388978E+00
      0.62000000E+02      0.27768208E+00
      0.63000000E+02      0.28152880E+00
      0.64000000E+02      0.28543109E+00
      0.65000000E+02      0.28939006E+00
      0.66000000E+02      0.29340685E+00
      0.67000000E+02      0.29748259E+00
      0.68000000E+02      0.30161842E+00
      0.69000000E+02      0.30581546E+00
      0.70000000E+02      0.31007484E+00
      0.71000000E+02      0.31439763E+00
      0.72000000E+02      0.31878465E+00
      0.73000000E+02      0.32323665E+00
      0.74000000E+02      0.32775437E+00
      0.75000000E+02      0.33233856E+00
      0.76000000E+02      0.33698997E+00
      0.77000000E+02      0.34170936E+00
      0.78000000E+02      0.34649747E+00
      0.79000000E+02      0.35135504E+00
      0.80000000E+02      0.35628284E+00
      0.81000000E+02      0.36128150E+00
      0.82000000E+02      0.36635124E+00
      0.83000000E+02      0.37149217E+00
      0.84000000E+02      0.37670439E+00
      0.85000000E+02      0.38198802E+00
      0.86000000E+02      0.38734317E+00
      0.87000000E+02      0.39276994E+00
      0.88000000E+02      0.39826844E+00
      0.89000000E+02      0.40383879E+00
      0.90000000E+02      0.40948109E+00
      0.91000000E+02      0.41519536E+00
      0.92000000E+02      0.42098127E+00
      0.93000000E+02      0.42683840E+00
      0.94000000E+02      0.43276632E+00
      0.95000000E+02      0.43876461E+00
      0.96000000E+02      0.44483286E+00
      0.97000000E+02      0.45097063E+00
      0.98000000E+02      0.45717752E+00
      0.99000000E+02      0.46345308E+00
      0.10000000E+03      0.46979691E+00
      0.10100000E+03      0.47620843E+00
      0.10200000E+03      0.48268649E+00
      0.10300000E+03      0.48922977E+00
      0.10400000E+03      0.49583696E+00
      0.10500000E+03      0.50250676E+00
      0.10600000E+03      0.50923785E+00
      0.10700000E+03      0.51602893E+00
      0.10800000E+03      0.52287869E+00
      0.10900000E+03      0.52978583E+00
      0.11000000E+03      0.53674902E+00
      0.11100000E+03      0.54376697E+00
      0.11200000E+03      0.55083836E+00
      0.11300000E+03      0.55796188E+00
      0.11400000E+03      0.56513624E+00
      0.11500000E+03      0.57236011E+00
      0.11600000E+03      0.57963219E+00
      0.11700000E+03      0.58695117E+00
      0.11800000E+03      0.59431574E+00
      0.11900000E+03      0.60172460E+00
      0.12000000E+03      0.60917643E+00
      0.12100000E+03      0.61666975E+00
      0.12200000E+03      0.62420239E+00
      0.12300000E+03      0.63177202E+00
      0.12400000E+03      0.63937629E+00
      0.12500000E+03      0.64701285E+00
      0.12600000E+03      0.65467937E+00
      0.12700000E+03      0.66237350E+00
      0.12800000E+03      0.67009291E+00
      0.12900000E+03      0.67783524E+00
      0.13000000E+03      0.68559816E+00
      0.13100000E+03      0.69337932E+00
      0.13200000E+03      0.70117639E+00
      0.13300000E+03      0.70898702E+00
      0.13400000E+03      0.71680887E+00
      0.13500000E+03      0.72463959E+00
      0.13600000E+03      0.73247685E+00
      0.13700000E+03      0.74031830E+00
      0.13800000E+03      0.74816161E+00
      0.13900000E+03      0.75600442E+00
      0.14000000E+03      0.76384440E+00
      0.14100000E+03      0.77167916E+00
      0.14200000E+03      0.77950613E+00
      0.14300000E+03      0.78732270E+00
      0.14400000E+03      0.79512625E+00
      0.14500000E+03      0.80291418E+00
      0.14600000E+03      0.81068386E+00
      0.14700000E+03      0.81843268E+00
      0.14800000E+03      0.82615804E+00
      0.14900000E+03      0.83385731E+00
      0.15000000E+03      0.84152788E+00
      0.15100000E+03      0.84916714E+00
      0.15200000E+03      0.85677248E+00
      0.15300000E+03      0.86434128E+00
      0.15400000E+03      0.87187093E+00
      0.15500000E+03      0.87935882E+00
      0.15600000E+03      0.88680233E+00
      0.15700000E+03      0.89419884E+00
      0.15800000E+03      0.90154575E+00
      0.15900000E+03      0.90884044E+00
      0.16000000E+03      0.91608030E+00
      0.16100000E+03      0.92326276E+00
      0.16200000E+03      0.93038548E+00
      0.16300000E+03      0.93744615E+00
      0.16400000E+03      0.94444247E+00
      0.16500000E+03      0.95137214E+00
      0.16600000E+03      0.95823287E+00
      0.16700000E+03      0.96502234E+00
      0.16800000E+03      0.97173826E+00
      0.16900000E+03      0.97837833E+00
      0.17000000E+03      0.98494024E+00
      0.17100000E+03      0.99142171E+00
      0.17200000E+03      0.99782042E+00
      0.17300000E+03      0.10041341E+01
      0.17400000E+03      0.10103604E+01
      0.17500000E+03      0.10164970E+01
      0.17600000E+03      0.10225417E+01
      0.17700000E+03      0.10284921E+01
      0.17800000E+03      0.10343460E+01
      0.17900000E+03      0.10401010E+01
      0.18000000E+03      0.10457549E+01
      0.18100000E+03      0.10513053E+01
      0.18200000E+03      0.10567506E+01
      0.18300000E+03      0.10620890E+01
      0.18400000E+03      0.10673188E+01
      0.18500000E+03      0.10724382E+01
      0.18600000E+03      0.10774454E+01
      0.18700000E+03      0.10823389E+01
      0.18800000E+03      0.10871168E+01
      0.18900000E+03      0.10917775E+01
      0.19000000E+03      0.10963191E+01
      0.19100000E+03      0.11007400E+01
      0.19200000E+03      0.11050384E+01
      0.19300000E+03      0.11092127E+01
      0.19400000E+03      0.11132611E+01
      0.19500000E+03      0.11171818E+01
      0.19600000E+03      0.11209732E+01
      0.19700000E+03      0.11246334E+01
      0.19800000E+03      0.11281609E+01
      0.19900000E+03      0.11315538E+01
      0.20000000E+03      0.11348105E+01
      0.20100000E+03      0.11379294E+01
      0.20200000E+03      0.11409099E+01
      0.20300000E+03      0.11437518E+01
      0.20400000E+03      0.11464547E+01
      0.20500000E+03      0.11490183E+01
      0.20600000E+03      0.11514423E+01
      0.20700000E+03      0.11537263E+01
      0.20800000E+03      0.11558700E+01
      0.20900000E+03      0.11578731E+01
      0.21000000E+03      0.11597352E+01
      0.21100000E+03      0.11614560E+01
      0.21200000E+03      0.11630353E+01
      0.21300000E+03      0.11644725E+01
      0.21400000E+03      0.11657675E+01
      0.21500000E+03      0.11669199E+01
      0.21600000E+03      0.11679294E+01
      0.21700000E+03      0.11687956E+01
      0.21800000E+03      0.11695183E+01
      0.21900000E+03      0.11700970E+01
      0.22000000E+03      0.11705315E+01
      0.22100000E+03      0.11708214E+01
      0.22200000E+03      0.11709664E+01
      0.22300000E+03      0.11709661E+01
      0.22400000E+03      0.11708204E+01
      0.22500000E+03      0.11705287E+01
      0.22600000E+03      0.11700911E+01
      0.22700000E+03      0.11695085E+01
      0.22800000E+03      0.11687823E+01
      0.22900000E+03      0.11679136E+01
      0.23000000E+03      0.11669039E+01
      0.23100000E+03      0.11657543E+01
      0.23200000E+03      0.11644662E+01
      0.23300000E+03      0.11630408E+01
      0.23400000E+03      0.11614793E+01
      0.23500000E+03      0.11597832E+01
      0.23600000E+03      0.11579535E+01
      0.23700000E+03      0.11559917E+01
      0.23800000E+03      0.11538990E+01
      0.23900000E+03      0.11516766E+01
      0.24000000E+03      0.11493259E+01
      0.24100000E+03      0.11468481E+01
      0.24200000E+03      0.11442445E+01
      0.24300000E+03      0.11415164E+01
      0.24400000E+03      0.11386650E+01
      0.24500000E+03      0.11356916E+01
      0.24600000E+03      0.11325975E+01
      0.24700000E+03      0.11293840E+01
      0.24800000E+03      0.11260523E+01
      0.24900000E+03      0.11226038E+01
      0.25000000E+03      0.11190397E+01
      0.25100000E+03      0.11153614E+01
      0.25200000E+03      0.11115708E+01
      0.25300000E+03      0.11076702E+01
      0.25400000E+03      0.11036617E+01
      0.25500000E+03      0.10995474E+01
      0.25600000E+03      0.10953293E+01
      0.25700000E+03      0.10910097E+01
      0.25800000E+03      0.10865906E+01
      0.25900000E+03      0.10820743E+01
      0.26000000E+03      0.10774627E+01
      0.26100000E+03      0.10727581E+01
      0.26200000E+03      0.10679625E+01
      0.26300000E+03      0.10630782E+01
      0.26400000E+03      0.10581071E+01
      0.26500000E+03      0.10530516E+01
      0.26600000E+03      0.10479135E+01
      0.26700000E+03      0.10426952E+01
      0.26800000E+03      0.10373987E+01
      0.26900000E+03      0.10320262E+01
      0.27000000E+03      0.10265797E+01
      0.27100000E+03      0.10210615E+01
      0.27200000E+03      0.10154736E+01
      0.27300000E+03      0.10098181E+01
      0.27400000E+03      0.10040972E+01
      0.27500000E+03      0.99831306E+00
      0.27600000E+03      0.99246788E+00
      0.27700000E+03      0.98656454E+00
      0.27800000E+03      0.98060606E+00
      0.27900000E+03      0.97459542E+00
      0.28000000E+03      0.96853564E+00
      0.28100000E+03      0.96242972E+00
      0.28200000E+03      0.95628067E+00
      0.28300000E+03      0.95009149E+00
      0.28400000E+03      0.94386519E+00
      0.28500000E+03      0.93760476E+00
      0.28600000E+03      0.93131322E+00
      0.28700000E+03      0.92499357E+00
      0.28800000E+03      0.91864881E+00
      0.28900000E+03      0.91228195E+00
      0.29000000E+03      0.90589599E+00
      0.29100000E+03      0.89949394E+00
      0.29200000E+03      0.89307880E+00
      0.29300000E+03      0.88665358E+00
      0.29400000E+03      0.88022128E+00
      0.29500000E+03      0.87378491E+00
      0.29600000E+03      0.86734746E+00
      0.29700000E+03      0.86091195E+00
      0.29800000E+03      0.85448138E+00
      0.29900000E+03      0.84805875E+00
      0.30000000E+03      0.84164707E+00
      0.30100000E+03      0.83524918E+00
      0.30200000E+03      0.82886724E+00
      0.30300000E+03      0.82250324E+00
      0.30400000E+03      0.81615918E+00
      0.30500000E+03      0.80983706E+00
      0.30600000E+03      0.80353888E+00
      0.30700000E+03      0.79726663E+00
      0.30800000E+03      0.79102230E+00
      0.30900000E+03      0.78480790E+00
      0.31000000E+03      0.77862541E+00
      0.31100000E+03      0.77247685E+00
      0.31200000E+03      0.76636419E+00
      0.31300000E+03      0.76028944E+00
      0.31400000E+03      0.75425460E+00
      0.31500000E+03      0.74826166E+00
      0.31600000E+03      0.74231262E+00
      0.31700000E+03      0.73640947E+00
      0.31800000E+03      0.73055421E+00
      0.31900000E+03      0.72474883E+00
      0.32000000E+03      0.71899534E+00
      0.32100000E+03      0.71329573E+00
      0.32200000E+03      0.70765199E+00
      0.32300000E+03      0.70206612E+00
      0.32400000E+03      0.69654013E+00
      0.32500000E+03      0.69107599E+00
      0.32600000E+03      0.68567572E+00
      0.32700000E+03      0.68034130E+00
      0.32800000E+03      0.67507473E+00
      0.32900000E+03      0.66987801E+00
      0.33000000E+03      0.66475314E+00
      0.33100000E+03      0.65970211E+00
      0.33200000E+03      0.65472692E+00
      0.33300000E+03      0.64982956E+00
      0.33400000E+03      0.64501203E+00
      0.33500000E+03      0.64027633E+00
      0.33600000E+03      0.63562445E+00
      0.33700000E+03      0.63105839E+00
      0.33800000E+03      0.62658015E+00
      0.33900000E+03      0.62219172E+00
      0.34000000E+03      0.61789510E+00
      0.34100000E+03      0.61369228E+00
      0.34200000E+03      0.60958526E+00
      0.34300000E+03      0.60557604E+00
      0.34400000E+03      0.60166661E+00
      0.34500000E+03      0.59785897E+00
      0.34600000E+03      0.59415512E+00
      0.34700000E+03      0.59055705E+00
      0.34800000E+03      0.58706675E+00
      0.34900000E+03      0.58368623E+00
      0.35000000E+03      0.58041749E+00
      0.35100000E+03      0.57726209E+00
      0.35200000E+03      0.57421992E+00
      0.35300000E+03      0.57129045E+00
      0.35400000E+03      0.56847316E+00
      0.35500000E+03      0.56576750E+00
      0.35600000E+03      0.56317295E+00
      0.35700000E+03      0.56068897E+00
      0.35800000E+03      0.55831503E+00
      0.35900000E+03      0.55605060E+00
      0.36000000E+03      0.55389514E+00
      0.36100000E+03      0.55184813E+00
      0.36200000E+03      0.54990902E+00
      0.36300000E+03      0.54807729E+00
      0.36400000E+03      0.54635241E+00
      0.36500000E+03      0.54473384E+00
      0.36600000E+03      0.54322105E+00
      0.36700000E+03      0.54181351E+00
      0.36800000E+03      0.54051069E+00
      0.36900000E+03      0.53931205E+00
      0.37000000E+03      0.53821705E+00
      0.37100000E+03      0.53722518E+00
      0.37200000E+03      0.53633589E+00
      0.37300000E+03      0.53554865E+00
      0.37400000E+03      0.53486294E+00
      0.37500000E+03      0.53427821E+00
      0.37600000E+03      0.53379394E+00
      0.37700000E+03      0.53340959E+00
      0.37800000E+03      0.53312463E+00
      0.37900000E+03      0.53293853E+00
      0.38000000E+03      0.53285076E+00
      0.38100000E+03      0.53286078E+00
      0.38200000E+03      0.53296806E+00
      0.38300000E+03      0.53317207E+00
      0.38400000E+03      0.53347227E+00
      0.38500000E+03      0.53386814E+00
      0.38600000E+03      0.53435914E+00
      0.38700000E+03      0.53494474E+00
      0.38800000E+03      0.53562440E+00
      0.38900000E+03      0.53639760E+00
      0.39000000E+03      0.53726380E+00
      0.39100000E+03      0.53822247E+00
      0.39200000E+03      0.53927307E+00
      0.39300000E+03      0.54041508E+00
      0.39400000E+03      0.54164796E+00
      0.39500000E+03      0.54297118E+00
      0.39600000E+03      0.54438420E+00
      0.39700000E+03      0.54588650E+00
      0.39800000E+03      0.54747754E+00
      0.39900000E+03      0.54915679E+00
      0.40000000E+03      0.55092371E+00
      0.40100000E+03      0.55277751E+00
      0.40200000E+03      0.55471631E+00
      0.40300000E+03      0.55673797E+00
      0.40400000E+03      0.55884033E+00
      0.40500000E+03      0.56102126E+00
      0.40600000E+03      0.56327861E+00
      0.40700000E+03      0.56561023E+00
      0.40800000E+03      0.56801399E+00
      0.40900000E+03      0.57048772E+00
      0.41000000E+03      0.57302930E+00
      0.41100000E+03      0.57563658E+00
      0.41200000E+03      0.57830740E+00
      0.41300000E+03      0.58103963E+00
      0.41400000E+03      0.58383113E+00
      0.41500000E+03      0.58667974E+00
      0.41600000E+03      0.58958331E+00
      0.41700000E+03      0.59253972E+00
      0.41800000E+03      0.59554681E+00
      0.41900000E+03      0.59860243E+00
      0.42000000E+03      0.60170445E+00
      0.42100000E+03      0.60485071E+00
      0.42200000E+03      0.60803908E+00
      0.42300000E+03      0.61126740E+00
      0.42400000E+03      0.61453353E+00
      0.42500000E+03      0.61783533E+00
      0.42600000E+03      0.62117066E+00
      0.42700000E+03      0.62453736E+00
      0.42800000E+03      0.62793330E+00
      0.42900000E+03      0.63135632E+00
      0.43000000E+03      0.63480429E+00
      0.43100000E+03      0.63827505E+00
      0.43200000E+03      0.64176647E+00
      0.43300000E+03      0.64527640E+00
      0.43400000E+03      0.64880269E+00
      0.43500000E+03      0.65234320E+00
      0.43600000E+03      0.65589579E+00
      0.43700000E+03      0.65945830E+00
      0.43800000E+03      0.66302860E+00
      0.43900000E+03      0.66660454E+00
      0.44000000E+03      0.67018397E+00
      0.44100000E+03      0.67376476E+00
      0.44200000E+03      0.67734474E+00
      0.44300000E+03      0.68092179E+00
      0.44400000E+03      0.68449376E+00
      0.44500000E+03      0.68805849E+00
      0.44600000E+03      0.69161385E+00
      0.44700000E+03      0.69515769E+00
      0.44800000E+03      0.69868786E+00
      0.44900000E+03      0.70220223E+00
      0.45000000E+03      0.70569864E+00
      0.45100000E+03      0.70917510E+00
      0.45200000E+03      0.71263015E+00
      0.45300000E+03      0.71606249E+00
      0.45400000E+03      0.71947081E+00
      0.45500000E+03      0.72285381E+00
      0.45600000E+03      0.72621018E+00
      0.45700000E+03      0.72953862E+00
      0.45800000E+03      0.73283781E+00
      0.45900000E+03      0.73610646E+00
      0.46000000E+03      0.73934326E+00
      0.46100000E+03      0.74254690E+00
      0.46200000E+03      0.74571608E+00
      0.46300000E+03      0.74884948E+00
      0.46400000E+03      0.75194581E+00
      0.46500000E+03      0.75500376E+00
      0.46600000E+03      0.75802202E+00
      0.46700000E+03      0.76099928E+00
      0.46800000E+03      0.76393425E+00
      0.46900000E+03      0.76682561E+00
      0.47000000E+03      0.76967205E+00
      0.47100000E+03      0.77247228E+00
      0.47200000E+03      0.77522499E+00
      0.47300000E+03      0.77792886E+00
      0.47400000E+03      0.78058260E+00
      0.47500000E+03      0.78318490E+00
      0.47600000E+03      0.78573445E+00
      0.47700000E+03      0.78822995E+00
      0.47800000E+03      0.79067009E+00
      0.47900000E+03      0.79305356E+00
      0.48000000E+03      0.79537906E+00
      0.48100000E+03      0.79764528E+00
      0.48200000E+03      0.79985092E+00
      0.48300000E+03      0.80199467E+00
      0.48400000E+03      0.80407523E+00
      0.48500000E+03      0.80609128E+00
      0.48600000E+03      0.80804153E+00
      0.48700000E+03      0.80992466E+00
      0.48800000E+03      0.81173938E+00
      0.48900000E+03      0.81348437E+00
      0.49000000E+03      0.81515833E+00
      0.49100000E+03      0.81675995E+00
      0.49200000E+03      0.81828793E+00
      0.49300000E+03      0.81974096E+00
      0.49400000E+03      0.82111773E+00
      0.49500000E+03      0.82241694E+00
      0.49600000E+03      0.82363729E+00
      0.49700000E+03      0.82477746E+00
      0.49800000E+03      0.82583616E+00
      0.49900000E+03      0.82681207E+00
      0.50000000E+03      0.82770389E+00
      0.50100000E+03      0.82851066E+00
      0.50200000E+03      0.82923278E+00
      0.50300000E+03      0.82987100E+00
      0.50400000E+03      0.83042607E+00
      0.50500000E+03      0.83089875E+00
      0.50600000E+03      0.83128978E+00
      0.50700000E+03      0.83159990E+00
      0.50800000E+03      0.83182988E+00
      0.50900000E+03      0.83198046E+00
      0.51000000E+03      0.83205239E+00
      0.51100000E+03      0.83204642E+00
      0.51200000E+03      0.83196330E+00
      0.51300000E+03      0.83180378E+00
      0.51400000E+03      0.83156861E+00
      0.51500000E+03      0.83125853E+00
      0.51600000E+03      0.83087430E+00
      0.51700000E+03      0.83041667E+00
      0.51800000E+03      0.82988639E+00
      0.51900000E+03      0.82928420E+00
      0.52000000E+03      0.82861086E+00
      0.52100000E+03      0.82786712E+00
      0.52200000E+03      0.82705372E+00
      0.52300000E+03      0.82617142E+00
      0.52400000E+03      0.82522096E+00
      0.52500000E+03      0.82420309E+00
      0.52600000E+03      0.82311857E+00
      0.52700000E+03      0.82196814E+00
      0.52800000E+03      0.82075256E+00
      0.52900000E+03      0.81947257E+00
      0.53000000E+03      0.81812892E+00
      0.53100000E+03      0.81672237E+00
      0.53200000E+03      0.81525365E+00
      0.53300000E+03      0.81372353E+00
      0.53400000E+03      0.81213275E+00
      0.53500000E+03      0.81048205E+00
      0.53600000E+03      0.80877220E+00
      0.53700000E+03      0.80700394E+00
      0.53800000E+03      0.80517802E+00
      0.53900000E+03      0.80329519E+00
      0.54000000E+03      0.80135619E+00
      0.54100000E+03      0.79936179E+00
      0.54200000E+03      0.79731272E+00
      0.54300000E+03      0.79520974E+00
      0.54400000E+03      0.79305360E+00
      0.54500000E+03      0.79084504E+00
      0.54600000E+03      0.78858482E+00
      0.54700000E+03      0.78627369E+00
      0.54800000E+03      0.78391239E+00
      0.54900000E+03      0.78150168E+00
      0.55000000E+03      0.77904230E+00
      0.55100000E+03      0.77653517E+00
      0.55200000E+03      0.77398182E+00
      0.55300000E+03      0.77138394E+00
      0.55400000E+03      0.76874325E+00
      0.55500000E+03      0.76606143E+00
      0.55600000E+03      0.76334018E+00
      0.55700000E+03      0.76058120E+00
      0.55800000E+03      0.75778620E+00
      0.55900000E+03      0.75495685E+00
      0.56000000E+03      0.75209487E+00
      0.56100000E+03      0.74920195E+00
      0.56200000E+03      0.74627979E+00
      0.56300000E+03      0.74333009E+00
      0.56400000E+03      0.74035454E+00
      0.56500000E+03      0.73735484E+00
      0.56600000E+03      0.73433269E+00
      0.56700000E+03      0.73128979E+00
      0.56800000E+03      0.72822783E+00
      0.56900000E+03      0.72514851E+00
      0.57000000E+03      0.72205353E+00
      0.57100000E+03      0.71894459E+00
      0.57200000E+03      0.71582339E+00
      0.57300000E+03      0.71269161E+00
      0.57400000E+03      0.70955097E+00
      0.57500000E+03      0.70640316E+00
      0.57600000E+03      0.70324987E+00
      0.57700000E+03      0.70009280E+00
      0.57800000E+03      0.69693365E+00
      0.57900000E+03      0.69377412E+00
      0.58000000E+03      0.69061591E+00
      0.58100000E+03      0.68746071E+00
      0.58200000E+03      0.68431023E+00
      0.58300000E+03      0.68116615E+00
      0.58400000E+03      0.67803017E+00
      0.58500000E+03      0.67490400E+00
      0.58600000E+03      0.67178934E+00
      0.58700000E+03      0.66868787E+00
      0.58800000E+03      0.66560130E+00
      0.58900000E+03      0.66253132E+00
      0.59000000E+03      0.65947964E+00
      0.59100000E+03      0.65644794E+00
      0.59200000E+03      0.65343793E+00
      0.59300000E+03      0.65045131E+00
      0.59400000E+03      0.64748977E+00
      0.59500000E+03      0.64455501E+00
      0.59600000E+03      0.64164873E+00
      0.59700000E+03      0.63877263E+00
      0.59800000E+03      0.63592839E+00
      0.59900000E+03      0.63311773E+00
      0.60000000E+03      0.63034234E+00
      0.60100000E+03      0.62760375E+00
      0.60200000E+03      0.62490286E+00
      0.60300000E+03      0.62224042E+00
      0.60400000E+03      0.61961715E+00
      0.60500000E+03      0.61703380E+00
      0.60600000E+03      0.61449111E+00
      0.60700000E+03      0.61198980E+00
      0.60800000E+03      0.60953061E+00
      0.60900000E+03      0.60711430E+00
      0.61000000E+03      0.60474158E+00
      0.61100000E+03      0.60241320E+00
      0.61200000E+03      0.60012990E+00
      0.61300000E+03      0.59789241E+00
      0.61400000E+03      0.59570147E+00
      0.61500000E+03      0.59355782E+00
      0.61600000E+03      0.59146219E+00
      0.61700000E+03      0.58941533E+00
      0.61800000E+03      0.58741796E+00
      0.61900000E+03      0.58547083E+00
      0.62000000E+03      0.58357468E+00
      0.62100000E+03      0.58173023E+00
      0.62200000E+03      0.57993824E+00
      0.62300000E+03      0.57819943E+00
      0.62400000E+03      0.57651454E+00
      0.62500000E+03      0.57488431E+00
      0.62600000E+03      0.57330949E+00
      0.62700000E+03      0.57179079E+00
      0.62800000E+03      0.57032897E+00
      0.62900000E+03      0.56892475E+00
      0.63000000E+03      0.56757889E+00
      0.63100000E+03      0.56629210E+00
      0.63200000E+03      0.56506514E+00
      0.63300000E+03      0.56389874E+00
      0.63400000E+03      0.56279363E+00
      0.63500000E+03      0.56175055E+00
      0.63600000E+03      0.56077024E+00
      0.63700000E+03      0.55985344E+00
      0.63800000E+03      0.55900089E+00
      0.63900000E+03      0.55821332E+00
      0.64000000E+03      0.55749146E+00
      0.64100000E+03      0.55683606E+00
      0.64200000E+03      0.55624786E+00
      0.64300000E+03      0.55572759E+00
      0.64400000E+03      0.55527598E+00
      0.64500000E+03      0.55489378E+00
      0.64600000E+03      0.55458172E+00
      0.64700000E+03      0.55434054E+00
      0.64800000E+03      0.55417098E+00
      0.64900000E+03      0.55407377E+00
      0.65000000E+03      0.55404966E+00
      0.65100000E+03      0.55409909E+00
      0.65200000E+03      0.55422141E+00
      0.65300000E+03      0.55441567E+00
      0.65400000E+03      0.55468093E+00
      0.65500000E+03      0.55501625E+00
      0.65600000E+03      0.55542068E+00
      0.65700000E+03      0.55589328E+00
      0.65800000E+03      0.55643311E+00
      0.65900000E+03      0.55703922E+00
      0.66000000E+03      0.55771068E+00
      0.66100000E+03      0.55844653E+00
      0.66200000E+03      0.55924584E+00
      0.66300000E+03      0.56010767E+00
      0.66400000E+03      0.56103106E+00
      0.66500000E+03      0.56201508E+00
      0.66600000E+03      0.56305878E+00
      0.66700000E+03      0.56416123E+00
      0.66800000E+03      0.56532147E+00
      0.66900000E+03      0.56653856E+00
      0.67000000E+03      0.56781157E+00
      0.67100000E+03      0.56913955E+00
      0.67200000E+03      0.57052155E+00
      0.67300000E+03      0.57195663E+00
      0.67400000E+03      0.57344386E+00
      0.67500000E+03      0.57498228E+00
      0.67600000E+03      0.57657095E+00
      0.67700000E+03      0.57820894E+00
      0.67800000E+03      0.57989529E+00
      0.67900000E+03      0.58162907E+00
      0.68000000E+03      0.58340933E+00
      0.68100000E+03      0.58523512E+00
      0.68200000E+03      0.58710552E+00
      0.68300000E+03      0.58901956E+00
      0.68400000E+03      0.59097632E+00
      0.68500000E+03      0.59297484E+00
      0.68600000E+03      0.59501418E+00
      0.68700000E+03      0.59709341E+00
      0.68800000E+03      0.59921157E+00
      0.68900000E+03      0.60136773E+00
      0.69000000E+03      0.60356094E+00
      0.69100000E+03      0.60579026E+00
      0.69200000E+03      0.60805474E+00
      0.69300000E+03      0.61035344E+00
      0.69400000E+03      0.61268543E+00
      0.69500000E+03      0.61504975E+00
      0.69600000E+03      0.61744547E+00
      0.69700000E+03      0.61987163E+00
      0.69800000E+03      0.62232731E+00
      0.69900000E+03      0.62481154E+00
      0.70000000E+03      0.62732340E+00
      0.70100000E+03      0.62986186E+00
      0.70200000E+03      0.63242553E+00
      0.70300000E+03      0.63501298E+00
      0.70400000E+03      0.63762275E+00
      0.70500000E+03      0.64025338E+00
      0.70600000E+03      0.64290343E+00
      0.70700000E+03      0.64557143E+00
      0.70800000E+03      0.64825593E+00
      0.70900000E+03      0.65095549E+00
      0.71000000E+03      0.65366864E+00
      0.71100000E+03      0.65639394E+00
      0.71200000E+03      0.65912993E+00
      0.71300000E+03      0.66187515E+00
      0.71400000E+03      0.66462816E+00
      0.71500000E+03      0.66738749E+00
      0.71600000E+03      0.67015171E+00
      0.71700000E+03      0.67291934E+00
      0.71800000E+03      0.67568895E+00
      0.71900000E+03      0.67845907E+00
      0.72000000E+03      0.68122826E+00
      0.72100000E+03      0.68399505E+00
      0.72200000E+03      0.68675800E+00
      0.72300000E+03      0.68951565E+00
      0.72400000E+03      0.69226655E+00
      0.72500000E+03      0.69500925E+00
      0.72600000E+03      0.69774228E+00
      0.72700000E+03      0.70046421E+00
      0.72800000E+03      0.70317357E+00
      0.72900000E+03      0.70586891E+00
      0.73000000E+03      0.70854878E+00
      0.73100000E+03      0.71121172E+00
      0.73200000E+03      0.71385629E+00
      0.73300000E+03      0.71648102E+00
      0.73400000E+03      0.71908447E+00
      0.73500000E+03      0.72166517E+00
      0.73600000E+03      0.72422169E+00
      0.73700000E+03      0.72675255E+00
      0.73800000E+03      0.72925632E+00
      0.73900000E+03      0.73173154E+00
      0.74000000E+03      0.73417674E+00
      0.74100000E+03      0.73659049E+00
      0.74200000E+03      0.73897132E+00
      0.74300000E+03      0.74131779E+00
      0.74400000E+03      0.74362843E+00
      0.74500000E+03      0.74590180E+00
      0.74600000E+03      0.74813644E+00
      0.74700000E+03      0.75033091E+00
      0.74800000E+03      0.75248373E+00
      0.74900000E+03      0.75459347E+00
      0.75000000E+03      0.75665867E+00
      0.75100000E+03      0.75867802E+00
      0.75200000E+03      0.76065083E+00
      0.75300000E+03      0.76257654E+00
      0.75400000E+03      0.76445459E+00
      0.75500000E+03      0.76628445E+00
      0.75600000E+03      0.76806554E+00
      0.75700000E+03      0.76979734E+00
      0.75800000E+03      0.77147927E+00
      0.75900000E+03      0.77311080E+00
      0.76000000E+03      0.77469136E+00
      0.76100000E+03      0.77622041E+00
      0.76200000E+03      0.77769740E+00
      0.76300000E+03      0.77912176E+00
      0.76400000E+03      0.78049296E+00
      0.76500000E+03      0.78181044E+00
      0.76600000E+03      0.78307364E+00
      0.76700000E+03      0.78428202E+00
      0.76800000E+03      0.78543502E+00
      0.76900000E+03      0.78653209E+00
      0.77000000E+03      0.78757268E+00
      0.77100000E+03      0.78855624E+00
      0.77200000E+03      0.78948222E+00
      0.77300000E+03      0.79035006E+00
      0.77400000E+03      0.79115921E+00
      0.77500000E+03      0.79190912E+00
      0.77600000E+03      0.79259924E+00
      0.77700000E+03      0.79322902E+00
      0.77800000E+03      0.79379790E+00
      0.77900000E+03      0.79430533E+00
      0.78000000E+03      0.79475077E+00
      0.78100000E+03      0.79513365E+00
      0.78200000E+03      0.79545343E+00
      0.78300000E+03      0.79570956E+00
      0.78400000E+03      0.79590148E+00
      0.78500000E+03      0.79602864E+00
      0.78600000E+03      0.79609049E+00
      0.78700000E+03      0.79608648E+00
      0.78800000E+03      0.79601605E+00
      0.78900000E+03      0.79587866E+00
      0.79000000E+03      0.79567375E+00
      0.79100000E+03      0.79540077E+00
      0.79200000E+03      0.79505917E+00
      0.79300000E+03      0.79464840E+00
      0.79400000E+03      0.79416790E+00
      0.79500000E+03      0.79361712E+00
      0.79600000E+03      0.79299552E+00
      0.79700000E+03      0.79230253E+00
      0.79800000E+03      0.79153761E+00
      0.79900000E+03      0.79070021E+00
      0.80000000E+03      0.78978977E+00
      0.80100000E+03      0.78880599E+00
      0.80200000E+03      0.78774957E+00
      0.80300000E+03      0.78662146E+00
      0.80400000E+03      0.78542261E+00
      0.80500000E+03      0.78415397E+00
      0.80600000E+03      0.78281647E+00
      0.80700000E+03      0.78141109E+00
      0.80800000E+03      0.77993875E+00
      0.80900000E+03      0.77840042E+00
      0.81000000E+03      0.77679703E+00
      0.81100000E+03      0.77512954E+00
      0.81200000E+03      0.77339890E+00
      0.81300000E+03      0.77160605E+00
      0.81400000E+03      0.76975195E+00
      0.81500000E+03      0.76783754E+00
      0.81600000E+03      0.76586377E+00
      0.81700000E+03      0.76383158E+00
      0.81800000E+03      0.76174194E+00
      0.81900000E+03      0.75959578E+00
      0.82000000E+03      0.75739406E+00
      0.82100000E+03      0.75513773E+00
      0.82200000E+03      0.75282772E+00
      0.82300000E+03      0.75046500E+00
      0.82400000E+03      0.74805050E+00
      0.82500000E+03      0.74558518E+00
      0.82600000E+03      0.74306999E+00
      0.82700000E+03      0.74050588E+00
      0.82800000E+03      0.73789379E+00
      0.82900000E+03      0.73523467E+00
      0.83000000E+03      0.73252948E+00
      0.83100000E+03      0.72977915E+00
      0.83200000E+03      0.72698464E+00
      0.83300000E+03      0.72414690E+00
      0.83400000E+03      0.72126688E+00
      0.83500000E+03      0.71834552E+00
      0.83600000E+03      0.71538377E+00
      0.83700000E+03      0.71238258E+00
      0.83800000E+03      0.70934291E+00
      0.83900000E+03      0.70626569E+00
      0.84000000E+03      0.70315188E+00
      0.84100000E+03      0.70000242E+00
      0.84200000E+03      0.69681827E+00
      0.84300000E+03      0.69360038E+00
      0.84400000E+03      0.69034968E+00
      0.84500000E+03      0.68706714E+00
      0.84600000E+03      0.68375369E+00
      0.84700000E+03      0.68041029E+00
      0.84800000E+03      0.67703789E+00
      0.84900000E+03      0.67363744E+00
      0.85000000E+03      0.67020987E+00
      0.85100000E+03      0.66675620E+00
      0.85200000E+03      0.66327761E+00
      0.85300000E+03      0.65977533E+00
      0.85400000E+03      0.65625061E+00
      0.85500000E+03      0.65270468E+00
      0.85600000E+03      0.64913879E+00
      0.85700000E+03      0.64555416E+00
      0.85800000E+03      0.64195205E+00
      0.85900000E+03      0.63833367E+00
      0.86000000E+03      0.63470028E+00
      0.86100000E+03      0.63105312E+00
      0.86200000E+03      0.62739341E+00
      0.86300000E+03      0.62372239E+00
      0.86400000E+03      0.62004131E+00
      0.86500000E+03      0.61635141E+00
      0.86600000E+03      0.61265391E+00
      0.86700000E+03      0.60895006E+00
      0.86800000E+03      0.60524110E+00
      0.86900000E+03      0.60152827E+00
      0.87000000E+03      0.59781279E+00
      0.87100000E+03      0.59409592E+00
      0.87200000E+03      0.59037888E+00
      0.87300000E+03      0.58666292E+00
      0.87400000E+03      0.58294927E+00
      0.87500000E+03      0.57923918E+00
      0.87600000E+03      0.57553387E+00
      0.87700000E+03      0.57183459E+00
      0.87800000E+03      0.56814258E+00
      0.87900000E+03      0.56445906E+00
      0.88000000E+03      0.56078529E+00
      0.88100000E+03      0.55712250E+00
      0.88200000E+03      0.55347193E+00
      0.88300000E+03      0.54983481E+00
      0.88400000E+03      0.54621238E+00
      0.88500000E+03      0.54260589E+00
      0.88600000E+03      0.53901656E+00
      0.88700000E+03      0.53544563E+00
      0.88800000E+03      0.53189436E+00
      0.88900000E+03      0.52836396E+00
      0.89000000E+03      0.52485569E+00
      0.89100000E+03      0.52137077E+00
      0.89200000E+03      0.51791045E+00
      0.89300000E+03      0.51447596E+00
      0.89400000E+03      0.51106854E+00
      0.89500000E+03      0.50768943E+00
      0.89600000E+03      0.50433987E+00
      0.89700000E+03      0.50102110E+00
      0.89800000E+03      0.49773434E+00
      0.89900000E+03      0.49448085E+00
      0.90000000E+03      0.49126186E+00
      0.90100000E+03      0.48807847E+00
      0.90200000E+03      0.48493124E+00
      0.90300000E+03      0.48182060E+00
      0.90400000E+03      0.47874698E+00
      0.90500000E+03      0.47571079E+00
      0.90600000E+03      0.47271247E+00
      0.90700000E+03      0.46975244E+00
      0.90800000E+03      0.46683113E+00
      0.90900000E+03      0.46394896E+00
      0.91000000E+03      0.46110636E+00
      0.91100000E+03      0.45830375E+00
      0.91200000E+03      0.45554156E+00
      0.91300000E+03      0.45282022E+00
      0.91400000E+03      0.45014015E+00
      0.91500000E+03      0.44750178E+00
      0.91600000E+03      0.44490553E+00
      0.91700000E+03      0.44235183E+00
      0.91800000E+03      0.43984110E+00
      0.91900000E+03      0.43737377E+00
      0.92000000E+03      0.43495027E+00
      0.92100000E+03      0.43257102E+00
      0.92200000E+03      0.43023645E+00
      0.92300000E+03      0.42794698E+00
      0.92400000E+03      0.42570303E+00
      0.92500000E+03      0.42350505E+00
      0.92600000E+03      0.42135344E+00
      0.92700000E+03      0.41924864E+00
      0.92800000E+03      0.41719107E+00
      0.92900000E+03      0.41518116E+00
      0.93000000E+03      0.41321933E+00
      0.93100000E+03      0.41130601E+00
      0.93200000E+03      0.40944162E+00
      0.93300000E+03      0.40762659E+00
      0.93400000E+03      0.40586135E+00
      0.93500000E+03      0.40414633E+00
      0.93600000E+03      0.40248193E+00
      0.93700000E+03      0.40086861E+00
      0.93800000E+03      0.39930677E+00
      0.93900000E+03      0.39779684E+00
      0.94000000E+03      0.39633926E+00
      0.94100000E+03      0.39493444E+00
      0.94200000E+03      0.39358282E+00
      0.94300000E+03      0.39228481E+00
      0.94400000E+03      0.39104084E+00
      0.94500000E+03      0.38985135E+00
      0.94600000E+03      0.38871675E+00
      0.94700000E+03      0.38763747E+00
      0.94800000E+03      0.38661393E+00
      0.94900000E+03      0.38564657E+00
      0.95000000E+03      0.38473581E+00
      0.95100000E+03      0.38388188E+00
      0.95200000E+03      0.38308428E+00
      0.95300000E+03      0.38234231E+00
      0.95400000E+03      0.38165528E+00
      0.95500000E+03      0.38102250E+00
      0.95600000E+03      0.38044326E+00
      0.95700000E+03      0.37991688E+00
      0.95800000E+03      0.37944265E+00
      0.95900000E+03      0.37901989E+00
      0.96000000E+03      0.37864789E+00
      0.96100000E+03      0.37832596E+00
      0.96200000E+03      0.37805342E+00
      0.96300000E+03      0.37782955E+00
      0.96400000E+03      0.37765367E+00
      0.96500000E+03      0.37752509E+00
      0.96600000E+03      0.37744310E+00
      0.96700000E+03      0.37740701E+00
      0.96800000E+03      0.37741613E+00
      0.96900000E+03      0.37746976E+00
      0.97000000E+03      0.37756721E+00
      0.97100000E+03      0.37770778E+00
      0.97200000E+03      0.37789077E+00
      0.97300000E+03      0.37811550E+00
      0.97400000E+03      0.37838126E+00
      0.97500000E+03      0.37868736E+00
      0.97600000E+03      0.37903311E+00
      0.97700000E+03      0.37941781E+00
      0.97800000E+03      0.37984077E+00
      0.97900000E+03      0.38030128E+00
      0.98000000E+03      0.38079866E+00
      0.98100000E+03      0.38133221E+00
      0.98200000E+03      0.38190124E+00
      0.98300000E+03      0.38250505E+00
      0.98400000E+03      0.38314294E+00
      0.98500000E+03      0.38381422E+00
      0.98600000E+03      0.38451819E+00
      0.98700000E+03      0.38525417E+00
      0.98800000E+03      0.38602145E+00
      0.98900000E+03      0.38681934E+00
      0.99000000E+03      0.38764714E+00
      0.99100000E+03      0.38850417E+00
      0.99200000E+03      0.38938971E+00
      0.99300000E+03      0.39030309E+00
      0.99400000E+03      0.39124360E+00
      0.99500000E+03      0.39221055E+00
      0.99600000E+03      0.39320324E+00
      0.99700000E+03      0.39422098E+00
      0.99800000E+03      0.39526308E+00
      0.99900000E+03      0.39632883E+00
      0.10000000E+04      0.39741755E+00
      0.10010000E+04      0.39852849E+00
      0.10020000E+04      0.39966075E+00
      0.10030000E+04      0.40081337E+00
      0.10040000E+04      0.40198542E+00
      0.10050000E+04      0.40317592E+00
      0.10060000E+04      0.40438395E+00
      0.10070000E+04      0.40560853E+00
      0.10080000E+04      0.40684873E+00
      0.10090000E+04      0.40810359E+00
      0.10100000E+04      0.40937216E+00
      0.10110000E+04      0.41065350E+00
      0.10120000E+04      0.41194664E+00
      0.10130000E+04      0.41325064E+00
      0.10140000E+04      0.41456456E+00
      0.10150000E+04      0.41588743E+00
      0.10160000E+04      0.41721830E+00
      0.10170000E+04      0.41855624E+00
      0.10180000E+04      0.41990027E+00
      0.10190000E+04      0.42124947E+00
      0.10200000E+04      0.42260287E+00
      0.10210000E+04      0.42395952E+00
      0.10220000E+04      0.42531847E+00
      0.10230000E+04      0.42667878E+00
      0.10240000E+04      0.42803949E+00
      0.10250000E+04      0.42939965E+00
      0.10260000E+04      0.43075831E+00
      0.10270000E+04      0.43211451E+00
      0.10280000E+04      0.43346732E+00
      0.10290000E+04      0.43481577E+00
      0.10300000E+04      0.43615892E+00
      0.10310000E+04      0.43749582E+00
      0.10320000E+04      0.43882551E+00
      0.10330000E+04      0.44014705E+00
      0.10340000E+04      0.44145948E+00
      0.10350000E+04      0.44276186E+00
      0.10360000E+04      0.44405322E+00
      0.10370000E+04      0.44533263E+00
      0.10380000E+04      0.44659913E+00
      0.10390000E+04      0.44785177E+00
      0.10400000E+04      0.44908960E+00
      0.10410000E+04      0.45031167E+00
      0.10420000E+04      0.45151703E+00
      0.10430000E+04      0.45270472E+00
      0.10440000E+04      0.45387380E+00
      0.10450000E+04      0.45502332E+00
      0.10460000E+04      0.45615232E+00
      0.10470000E+04      0.45725986E+00
      0.10480000E+04      0.45834498E+00
      0.10490000E+04      0.45940673E+00
      0.10500000E+04      0.46044417E+00
      0.10510000E+04      0.46145645E+00
      0.10520000E+04      0.46244317E+00
      0.10530000E+04      0.46340404E+00
      0.10540000E+04      0.46433878E+00
      0.10550000E+04      0.46524709E+00
      0.10560000E+04      0.46612868E+00
      0.10570000E+04      0.46698327E+00
      0.10580000E+04      0.46781056E+00
      0.10590000E+04      0.46861027E+00
      0.10600000E+04      0.46938210E+00
      0.10610000E+04      0.47012578E+00
      0.10620000E+04      0.47084100E+00
      0.10630000E+04      0.47152747E+00
      0.10640000E+04      0.47218492E+00
      0.10650000E+04      0.47281304E+00
      0.10660000E+04      0.47341156E+00
      0.10670000E+04      0.47398017E+00
      0.10680000E+04      0.47451859E+00
      0.10690000E+04      0.47502654E+00
      0.10700000E+04      0.47550372E+00
      0.10710000E+04      0.47594983E+00
      0.10720000E+04      0.47636461E+00
      0.10730000E+04      0.47674774E+00
      0.10740000E+04      0.47709895E+00
      0.10750000E+04      0.47741794E+00
      0.10760000E+04      0.47770442E+00
      0.10770000E+04      0.47795812E+00
      0.10780000E+04      0.47817872E+00
      0.10790000E+04      0.47836596E+00
      0.10800000E+04      0.47851953E+00
      0.10810000E+04      0.47863914E+00
      0.10820000E+04      0.47872452E+00
      0.10830000E+04      0.47877536E+00
      0.10840000E+04      0.47879138E+00
      0.10850000E+04      0.47877229E+00
      0.10860000E+04      0.47871780E+00
      0.10870000E+04      0.47862762E+00
      0.10880000E+04      0.47850146E+00
      0.10890000E+04      0.47833904E+00
      0.10900000E+04      0.47814005E+00
      0.10910000E+04      0.47790422E+00
      0.10920000E+04      0.47763125E+00
      0.10930000E+04      0.47732085E+00
      0.10940000E+04      0.47697274E+00
      0.10950000E+04      0.47658662E+00
      0.10960000E+04      0.47616221E+00
      0.10970000E+04      0.47569921E+00
      0.10980000E+04      0.47519734E+00
      0.10990000E+04      0.47465630E+00
      0.11000000E+04      0.47407582E+00
      0.11010000E+04      0.47345575E+00
      0.11020000E+04      0.47279663E+00
      0.11030000E+04      0.47209916E+00
      0.11040000E+04      0.47136401E+00
      0.11050000E+04      0.47059189E+00
      0.11060000E+04      0.46978349E+00
      0.11070000E+04      0.46893950E+00
      0.11080000E+04      0.46806061E+00
      0.11090000E+04      0.46714751E+00
      0.11100000E+04      0.46620089E+00
      0.11110000E+04      0.46522145E+00
      0.11120000E+04      0.46420987E+00
      0.11130000E+04      0.46316686E+00
      0.11140000E+04      0.46209310E+00
      0.11150000E+04      0.46098928E+00
      0.11160000E+04      0.45985609E+00
      0.11170000E+04      0.45869423E+00
      0.11180000E+04      0.45750439E+00
      0.11190000E+04      0.45628726E+00
      0.11200000E+04      0.45504353E+00
      0.11210000E+04      0.45377390E+00
      0.11220000E+04      0.45247905E+00
      0.11230000E+04      0.45115968E+00
      0.11240000E+04      0.44981648E+00
      0.11250000E+04      0.44845014E+00
      0.11260000E+04      0.44706135E+00
      0.11270000E+04      0.44565081E+00
      0.11280000E+04      0.44421920E+00
      0.11290000E+04      0.44276722E+00
      0.11300000E+04      0.44129557E+00
      0.11310000E+04      0.43980492E+00
      0.11320000E+04      0.43829598E+00
      0.11330000E+04      0.43676943E+00
      0.11340000E+04      0.43522597E+00
      0.11350000E+04      0.43366629E+00
      0.11360000E+04      0.43209109E+00
      0.11370000E+04      0.43050104E+00
      0.11380000E+04      0.42889685E+00
      0.11390000E+04      0.42727921E+00
      0.11400000E+04      0.42564880E+00
      0.11410000E+04      0.42400633E+00
      0.11420000E+04      0.42235247E+00
      0.11430000E+04      0.42068793E+00
      0.11440000E+04      0.41901340E+00
      0.11450000E+04      0.41732956E+00
      0.11460000E+04      0.41563712E+00
      0.11470000E+04      0.41393675E+00
      0.11480000E+04      0.41222916E+00
      0.11490000E+04      0.41051503E+00
      0.11500000E+04      0.40879506E+00
      0.11510000E+04      0.40706983E+00
      0.11520000E+04      0.40533956E+00
      0.11530000E+04      0.40360435E+00
      0.11540000E+04      0.40186429E+00
      0.11550000E+04      0.40011949E+00
      0.11560000E+04      0.39837006E+00
      0.11570000E+04      0.39661609E+00
      0.11580000E+04      0.39485769E+00
      0.11590000E+04      0.39309496E+00
      0.11600000E+04      0.39132801E+00
      0.11610000E+04      0.38955694E+00
      0.11620000E+04      0.38778185E+00
      0.11630000E+04      0.38600285E+00
      0.11640000E+04      0.38422003E+00
      0.11650000E+04      0.38243350E+00
      0.11660000E+04      0.38064337E+00
      0.11670000E+04      0.37884973E+00
      0.11680000E+04      0.37705270E+00
      0.11690000E+04      0.37525236E+00
      0.11700000E+04      0.37344884E+00
      0.11710000E+04      0.37164222E+00
      0.11720000E+04      0.36983261E+00
      0.11730000E+04      0.36802012E+00
      0.11740000E+04      0.36620485E+00
      0.11750000E+04      0.36438690E+00
      0.11760000E+04      0.36256637E+00
      0.11770000E+04      0.36074337E+00
      0.11780000E+04      0.35891800E+00
      0.11790000E+04      0.35709036E+00
      0.11800000E+04      0.35526056E+00
      0.11810000E+04      0.35342870E+00
      0.11820000E+04      0.35159488E+00
      0.11830000E+04      0.34975921E+00
      0.11840000E+04      0.34792178E+00
      0.11850000E+04      0.34608271E+00
      0.11860000E+04      0.34424209E+00
      0.11870000E+04      0.34240003E+00
      0.11880000E+04      0.34055663E+00
      0.11890000E+04      0.33871199E+00
      0.11900000E+04      0.33686622E+00
      0.11910000E+04      0.33501942E+00
      0.11920000E+04      0.33317169E+00
      0.11930000E+04      0.33132314E+00
      0.11940000E+04      0.32947386E+00
      0.11950000E+04      0.32762397E+00
      0.11960000E+04      0.32577356E+00
      0.11970000E+04      0.32392274E+00
      0.11980000E+04      0.32207162E+00
      0.11990000E+04      0.32022028E+00
      0.12000000E+04      0.31836884E+00
